1111
11101
11011
111001
110101
110011
101011
101110
101101
1110001
1101001
1100101
1010101
1100011
1010011
1011001
11100001
11010001
11001001
11000101
10101001
10100101
1001011
10110001
11000011
10100011
10010011
100111
1001101
111000001
110100001
110010001
110001001
110000101
101010001
101001001
101000101
100100101
101100001
110000011
101000011
100100011
10011001
10010101
100110001
100101001
1110000001
1101000001
1100100001
1100010001
1100001001
1100000101
1010100001
1010010001
1010001001
1011000001
1001001001
1010000101
1001000101
1001100001
1001100001